      0/14     3.68G   0.04701   0.01411  0.008653   0.06977        80       640    0.3829    0.6174    0.3836    0.1531   0.05739   0.03244   0.01008
      1/14      3.7G   0.03594   0.01313  0.006608   0.05568        45       640    0.3725    0.6799    0.4519     0.217   0.05296   0.03085  0.009771
      2/14     4.52G   0.03399   0.01244  0.006442   0.05287        95       640    0.5003    0.6755    0.5303    0.2698   0.05396    0.0287  0.008518
      3/14     4.52G   0.03226   0.01231  0.005878   0.05045        65       640    0.6417    0.6656    0.6325    0.3542   0.05025   0.02856  0.008079
      4/14     4.52G   0.02996   0.01215  0.004948   0.04705        68       640    0.7009    0.7121     0.718    0.4194   0.04831   0.02802  0.007303
      5/14     4.52G    0.0289   0.01188  0.004333   0.04511        47       640    0.7563    0.7234    0.7568    0.4623   0.04689    0.0284  0.006618
      6/14     4.52G   0.02791   0.01173  0.003874   0.04352        26       640    0.7759    0.7185    0.7633    0.4702   0.04563   0.02837  0.006568
      7/14     4.52G   0.02757   0.01189  0.003715   0.04318        90       640    0.7804    0.7445    0.7882    0.4895   0.04437   0.02822  0.006032
      8/14     4.52G   0.02701   0.01171  0.003315   0.04204        39       640    0.7936    0.7471    0.8042    0.5058   0.04376   0.02836  0.005796
      9/14     4.52G   0.02615   0.01161  0.003152   0.04091        52       640    0.8055    0.7538    0.8127    0.5178   0.04338   0.02806  0.005687
     10/14     4.52G   0.02588   0.01152  0.002956   0.04036        54       640    0.8096     0.763    0.8236    0.5247   0.04308   0.02819  0.005682
     11/14     4.52G   0.02558   0.01139   0.00286   0.03982        41       640    0.8275    0.7656     0.835    0.5394   0.04266   0.02803  0.005327
     12/14     4.52G    0.0251    0.0113  0.002576   0.03897        55       640    0.8252    0.7787    0.8416    0.5481   0.04235   0.02805  0.005173
     13/14     4.52G   0.02454   0.01109  0.002527   0.03817        78       640    0.8364    0.7858     0.847    0.5527   0.04208   0.02828  0.005226
     14/14     4.52G   0.02466   0.01135  0.002481   0.03849        51       640    0.8392     0.793    0.8542    0.5629   0.04188   0.02824  0.005022
